#Debug_4 Visualise
[ 0 ,  0 ,  0 ,  0 ,  0 ,  0 ,  0 ,  0 ,  0 ,  0 ]
[ 0 ,  0 ,  0 ,  0 ,  0 ,  0 ,  0 ,  0 ,  0 ,  0 ]
[ 0 ,  0 ,  0 , 'S',  0 ,  0 ,  0 ,  0 ,  0 ,  0 ]
[ 0 ,  0 , 'A',  0 ,  0 ,  0 ,  0 ,  0 ,  0 ,  0 ]
[ 0 , 'M',  0 ,  0 ,  0 ,  0 ,  0 ,  0 ,  0 ,  0 ]
['X',  0 ,  0 ,  0 ,  0 ,  0 ,  0 ,  0 ,  0 ,  0 ]
[ 0 ,  0 , 'S',  0 , 'S',  0 , 'S',  0 , 'S',  0 ]
[ 0 , 'A',  0 , 'A',  0 , 'A',  0 , 'A',  0 ,  0 ]
['M',  0 , 'M',  0 , 'M',  0 , 'M',  0 ,  0 ,  0 ]
[ 0 , 'X',  0 , 'X',  0 , 'X',  0 ,  0 ,  0 , 'X']